#time Nodes links maxInDeg maxOutDeg CC SingIn SingOut DoubIn DoubOut InDegSq OutDegSq InAssort OutAssort
1 3 2 1 1 0.0 2 2 0 0 0.6666666666666666 0.6666666666666666 0.0 0.0
101 97 560 14 14 0.09508080693647705 0 0 0 0 41.07216494845361 41.07216494845361 0.16405563927708156 0.16405563927708156
201 197 1160 15 15 0.04487325984787913 0 0 0 0 43.60406091370558 43.60406091370558 0.14572593803060546 0.14572593803060546
301 297 1760 18 18 0.033852372072811755 0 0 0 0 44.62626262626262 44.62626262626262 0.17163209423025882 0.17163209423025882
401 397 2360 19 19 0.021690328605973027 0 0 0 0 45.16372795969773 45.16372795969773 0.1734398780587514 0.1734398780587514
501 497 2960 19 19 0.018455996843348803 0 0 0 0 46.08048289738431 46.08048289738431 0.15005306750927758 0.15005306750927758
601 597 3560 20 20 0.017597672650413124 0 0 0 0 46.44556113902848 46.44556113902848 0.1562682105558519 0.1562682105558519
701 697 4160 20 20 0.014035017201284831 0 0 0 0 46.73744619799139 46.73744619799139 0.15895767466704458 0.15895767466704458
801 797 4760 22 22 0.012725526449592305 0 0 0 0 47.10664993726474 47.10664993726474 0.15808792692580492 0.15808792692580492
901 897 5360 23 23 0.010458861529813693 0 0 0 0 47.094760312151614 47.094760312151614 0.16778683297439068 0.16778683297439068
1001 997 5960 23 23 0.009864063919459334 0 0 0 0 47.227683049147444 47.227683049147444 0.1730181545910632 0.1730181545910632
1101 1097 6560 23 23 0.008851926436086559 0 0 0 0 47.135824977210575 47.135824977210575 0.1810825125148567 0.1810825125148567
1201 1197 7160 24 24 0.007814556559644132 0 0 0 0 47.20133667502088 47.20133667502088 0.18388514247723403 0.18388514247723403
1301 1297 7760 24 24 0.007191432307133102 0 0 0 0 47.292212798766386 47.292212798766386 0.18602057022285795 0.18602057022285795
1401 1397 8360 24 24 0.006619407825598557 0 0 0 0 47.24695776664281 47.24695776664281 0.19419703240878794 0.19419703240878794
1501 1497 8960 24 24 0.006178213796020409 0 0 0 0 47.235804943219776 47.235804943219776 0.20100473100318922 0.20100473100318922
1601 1597 9560 24 24 0.005804284431336022 0 0 0 0 47.362554790231684 47.362554790231684 0.2009514092421107 0.2009514092421107
1701 1697 10160 24 24 0.0057207022850193 0 0 0 0 47.26458456098998 47.26458456098998 0.20672579404984182 0.20672579404984182
1801 1797 10760 24 24 0.005406859623976989 0 0 0 0 47.283249860879245 47.283249860879245 0.20759765309400466 0.20759765309400466
1901 1897 11360 24 24 0.004832403426559181 0 0 0 0 47.287295730100155 47.287295730100155 0.20722461318829408 0.20722461318829408
2001 1997 11960 24 24 0.004263977183334002 0 0 0 0 47.20681021532298 47.20681021532298 0.21167646465778106 0.21167646465778106
2101 2097 12560 24 24 0.004235601646167009 0 0 0 0 47.21506914639962 47.21506914639962 0.2123627753118419 0.2123627753118419
2201 2197 13160 24 24 0.004306944366845671 0 0 0 0 47.25443786982248 47.25443786982248 0.21258821215393284 0.21258821215393284
2301 2297 13760 24 24 0.004005131445651956 0 0 0 0 47.25555071832825 47.25555071832825 0.21721402471724063 0.21721402471724063
2401 2397 14360 24 24 0.00363071025560363 0 0 0 0 47.26491447642887 47.26491447642887 0.2171129147554089 0.2171129147554089
2501 2497 14960 24 24 0.003299297532786922 0 0 0 0 47.299959951942334 47.299959951942334 0.218216446485668 0.218216446485668
2601 2597 15560 24 24 0.0033819690323270073 0 0 0 0 47.2722371967655 47.2722371967655 0.22064290930588915 0.22064290930588915
2701 2697 16160 24 24 0.003299469019097216 0 0 0 0 47.23692992213571 47.23692992213571 0.22137513214312862 0.22137513214312862
2801 2797 16760 25 25 0.003312859054242875 0 0 0 0 47.33714694315338 47.33714694315338 0.2182477801039559 0.2182477801039559
2901 2897 17360 25 25 0.0033042635507871546 0 0 0 0 47.36140835346911 47.36140835346911 0.21821330126555694 0.21821330126555694
3001 2997 17960 25 25 0.0031426493332038625 0 0 0 0 47.431431431431434 47.431431431431434 0.21698816232150855 0.21698816232150855
3101 3097 18560 25 25 0.00294854715120259 0 0 0 0 47.41685502098805 47.41685502098805 0.21941759912162095 0.21941759912162095
3201 3197 19160 25 25 0.00294830360138086 0 0 0 0 47.467000312793246 47.467000312793246 0.2185609072276423 0.2185609072276423
3301 3297 19760 26 26 0.0029367499327457506 0 0 0 0 47.502578101304216 47.502578101304216 0.21720402607081132 0.21720402607081132
3401 3397 20360 26 26 0.0030612666901886298 0 0 0 0 47.48954960259052 47.48954960259052 0.2179168016354968 0.2179168016354968
3501 3497 20960 26 26 0.0030223309221874316 0 0 0 0 47.48355733485845 47.48355733485845 0.22002530921040483 0.22002530921040483
3601 3597 21560 26 26 0.002824493579886498 0 0 0 0 47.46566583263831 47.46566583263831 0.22184956912755732 0.22184956912755732
3701 3697 22160 26 26 0.002729605494458179 0 0 0 0 47.497430348931566 47.497430348931566 0.22179155883559007 0.22179155883559007
3801 3797 22760 26 26 0.002580164892574887 0 0 0 0 47.503292072688964 47.503292072688964 0.2221823017575625 0.2221823017575625
3901 3897 23360 26 26 0.002476179123291415 0 0 0 0 47.4821657685399 47.4821657685399 0.22285183297725683 0.22285183297725683
4001 3997 23960 26 26 0.0024827814509510745 0 0 0 0 47.46710032524393 47.46710032524393 0.22294982669932206 0.22294982669932206
4101 4097 24560 26 26 0.0024949726475724113 0 0 0 0 47.48401269221382 47.48401269221382 0.22259697662763833 0.22259697662763833
4201 4197 25160 26 26 0.002352043448303673 0 0 0 0 47.52442220633786 47.52442220633786 0.22102946485670152 0.22102946485670152
4301 4297 25760 26 26 0.002244710730211338 0 0 0 0 47.55829648592041 47.55829648592041 0.21889284080594412 0.21889284080594412
4401 4397 26360 26 26 0.002139421640649898 0 0 0 0 47.596543097566524 47.596543097566524 0.2179876644870333 0.2179876644870333
4501 4497 26960 26 26 0.002066902971575272 0 0 0 0 47.628196575494776 47.628196575494776 0.21538052226947 0.21538052226947
4601 4597 27560 26 26 0.0019891825295185036 0 0 0 0 47.893408744833586 47.893408744833586 0.20392829624372158 0.20392829624372158
4701 4697 28160 28 28 0.0020928495677216873 0 0 0 0 48.17628273365978 48.17628273365978 0.19248880214516595 0.19248880214516595
4801 4797 28760 28 28 0.002105065376915549 0 0 0 0 48.405253283302066 48.405253283302066 0.18177703821637584 0.18177703821637584
4901 4897 29360 28 28 0.002175877388631504 0 0 0 0 48.66530528895242 48.66530528895242 0.1725305836812337 0.1725305836812337
5001 4997 29960 28 28 0.0021659451654597733 0 0 0 0 48.9541725035021 48.9541725035021 0.16132000472362334 0.16132000472362334
5101 5097 30560 29 29 0.0020901652359490005 0 0 0 0 49.163429468314696 49.163429468314696 0.1542301332010134 0.1542301332010134
5201 5197 31160 29 29 0.0020251158443463494 0 0 0 0 49.40003848374062 49.40003848374062 0.1461472689731249 0.1461472689731249
5301 5297 31760 29 29 0.002042566717914035 0 0 0 0 49.64659241079857 49.64659241079857 0.1382110616123987 0.1382110616123987
5401 5397 32360 29 29 0.001984030750004001 0 0 0 0 49.83472299425607 49.83472299425607 0.13227799291453826 0.13227799291453826
5501 5497 32960 29 29 0.0019015008122833352 0 0 0 0 50.039294160451156 50.039294160451156 0.1268395133990587 0.1268395133990587
5601 5597 33560 30 30 0.0019073150262057454 0 0 0 0 50.25263534036091 50.25263534036091 0.12111102094743141 0.12111102094743141
5701 5697 34160 31 31 0.001856807790872972 0 0 0 0 50.53466736879059 50.53466736879059 0.11333461215324281 0.11333461215324281
5801 5797 34760 32 32 0.0018755315280201362 0 0 0 0 50.76004830084526 50.76004830084526 0.10703876966552167 0.10703876966552167
5901 5897 35360 32 32 0.0018709143641319804 0 0 0 0 50.91775479057148 50.91775479057148 0.10251822384151597 0.10251822384151597
6001 5997 35960 34 34 0.001856149785946593 0 0 0 0 51.11855927963982 51.11855927963982 0.09684933691057487 0.09684933691057487
6101 6097 36560 34 34 0.001933452501978532 0 0 0 0 51.3203214695752 51.3203214695752 0.09130194189472393 0.09130194189472393
6201 6197 37160 35 35 0.00198005039374537 0 0 0 0 51.51492657737615 51.51492657737615 0.08631598113634809 0.08631598113634809
6301 6297 37760 35 35 0.0019380702269965432 0 0 0 0 51.70779736382404 51.70779736382404 0.08105825224766999 0.08105825224766999
6401 6397 38360 35 35 0.0019015518675510503 0 0 0 0 51.90683132718462 51.90683132718462 0.07578237699426853 0.07578237699426853
6501 6497 38960 35 35 0.0018121379807512518 0 0 0 0 52.08188394643682 52.08188394643682 0.07156202456041309 0.07156202456041309
6601 6597 39560 35 35 0.0018996296029935229 0 0 0 0 52.21919054115507 52.21919054115507 0.06859471377734841 0.06859471377734841
6701 6697 40160 35 35 0.0019762450578020368 0 0 0 0 52.41331939674481 52.41331939674481 0.06427920424829267 0.06427920424829267
6801 6797 40760 35 35 0.0020007054783384207 0 0 0 0 52.57260556127704 52.57260556127704 0.0604487423595492 0.0604487423595492
6901 6897 41360 35 35 0.002023764117834729 0 0 0 0 52.728432651877625 52.728432651877625 0.056973887784704635 0.056973887784704635
7001 6997 41960 35 35 0.0020305177950248506 0 0 0 0 52.87323138487923 52.87323138487923 0.054090470716127055 0.054090470716127055
7101 7097 42560 35 35 0.0020139739162941353 0 0 0 0 53.046921234324365 53.046921234324365 0.04955130251587557 0.04955130251587557
7201 7197 43160 36 36 0.002010213844304564 0 0 0 0 53.270529387244686 53.270529387244686 0.044674005147825914 0.044674005147825914
7301 7297 43760 36 36 0.002053361099714228 0 0 0 0 53.44251062080307 53.44251062080307 0.0424453417209668 0.0424453417209668
7401 7397 44360 36 36 0.001986360264089375 0 0 0 0 53.580100040556985 53.580100040556985 0.04039790451186281 0.04039790451186281
7501 7497 44960 36 36 0.0019537028248488406 0 0 0 0 53.726824062958514 53.726824062958514 0.03803188481155709 0.03803188481155709
7601 7597 45560 36 36 0.001923419637803629 0 0 0 0 53.919705146768464 53.919705146768464 0.034097940839086884 0.034097940839086884
7701 7697 46160 36 36 0.001927906630660235 0 0 0 0 54.064960374171754 54.064960374171754 0.03227131325831148 0.03227131325831148
7801 7797 46760 37 37 0.0019619757502470398 0 0 0 0 54.18802103373092 54.18802103373092 0.030853277292206188 0.030853277292206188
7901 7897 47360 37 37 0.00191829507927826 0 0 0 0 54.35355198176523 54.35355198176523 0.02816076017194738 0.02816076017194738
8001 7997 47960 38 38 0.0018822553844340102 0 0 0 0 54.510941603101166 54.510941603101166 0.025947325213962567 0.025947325213962567
8101 8097 48560 38 38 0.001853919992975152 0 0 0 0 54.6170186488823 54.6170186488823 0.02472310329211302 0.02472310329211302
8201 8197 49160 38 38 0.0019449779086014335 0 0 0 0 54.749542515554474 54.749542515554474 0.023152666336394016 0.023152666336394016
8301 8297 49760 38 38 0.0019871035744802815 0 0 0 0 54.889960226587924 54.889960226587924 0.021382491134360682 0.021382491134360682
8401 8397 50360 38 38 0.0019571407045173212 0 0 0 0 55.03679885673455 55.03679885673455 0.018435047342552472 0.018435047342552472
8501 8497 50960 38 38 0.0019087008147544737 0 0 0 0 55.178768977286104 55.178768977286104 0.01592812472001075 0.01592812472001075
8601 8597 51560 38 38 0.0018754456586527295 0 0 0 0 55.357217634058394 55.357217634058394 0.013859064963885934 0.013859064963885934
8701 8697 52160 38 38 0.0018438705127606424 0 0 0 0 55.5048867425549 55.5048867425549 0.011783772613635446 0.011783772613635446
8801 8797 52760 38 38 0.001875226314857921 0 0 0 0 55.62760031829033 55.62760031829033 0.009491382924487396 0.009491382924487396
8901 8897 53360 38 38 0.0018729145078296289 0 0 0 0 55.69967404743172 55.69967404743172 0.009524450540556164 0.009524450540556164
9001 8997 53960 38 38 0.001825143758062161 0 0 0 0 55.837501389352006 55.837501389352006 0.008101710735332664 0.008101710735332664
9101 9000 53984 38 38 0.0018244114433522071 0 0 0 0 55.85911111111111 55.85911111111111 0.007868255055080034 0.007868255055080034
9101 9000 53984 38 38 0.0018244114433522071 0 0 0 0 55.85911111111111 55.85911111111111 0.007868255055080034 0.007868255055080034
