#time Nodes links maxInDeg maxOutDeg CC SingIn SingOut DoubIn DoubOut InDegSq OutDegSq InAssort OutAssort
1 3 2 1 1 0.0 2 2 0 0 0.6666666666666666 0.6666666666666666 0.0 0.0
101 97 560 37 37 0.1808592773060871 0 0 0 0 58.5360824742268 58.5360824742268 -0.1669007001272636 -0.1669007001272636
201 197 1160 49 49 0.11738557242215152 0 0 0 0 65.20812182741116 65.20812182741116 -0.0998090178614509 -0.0998090178614509
301 297 1760 59 59 0.08089928168139143 0 0 0 0 70.35016835016835 70.35016835016835 -0.09542070136107318 -0.09542070136107318
401 397 2360 71 71 0.06800068237582481 0 0 0 0 72.66498740554157 72.66498740554157 -0.07569231717563714 -0.07569231717563714
501 497 2960 74 74 0.057845260914406595 0 0 0 0 74.19718309859155 74.19718309859155 -0.06955161268736133 -0.06955161268736133
601 597 3560 83 83 0.05101560620419067 0 0 0 0 77.4070351758794 77.4070351758794 -0.07254055172281625 -0.07254055172281625
701 697 4160 88 88 0.04285310037276504 0 0 0 0 78.67144906743185 78.67144906743185 -0.06809425723672606 -0.06809425723672606
801 797 4760 98 98 0.037390095785665454 0 0 0 0 81.28732747804266 81.28732747804266 -0.06982608011656466 -0.06982608011656466
901 897 5360 103 103 0.03225664721927146 0 0 0 0 81.72129319955407 81.72129319955407 -0.06480335305956532 -0.06480335305956532
1001 997 5960 105 105 0.028947937047386015 0 0 0 0 82.53560682046138 82.53560682046138 -0.0648694274793888 -0.0648694274793888
1101 1097 6560 111 111 0.02742120553258545 0 0 0 0 83.62260711030082 83.62260711030082 -0.06478036135538784 -0.06478036135538784
1201 1197 7160 114 114 0.025512550091692756 0 0 0 0 84.07685881370092 84.07685881370092 -0.061237407335225716 -0.061237407335225716
1301 1297 7760 118 118 0.023111778483663005 0 0 0 0 84.9390902081727 84.9390902081727 -0.05929531767060338 -0.05929531767060338
1401 1397 8360 121 121 0.02156518353594983 0 0 0 0 85.17108088761633 85.17108088761633 -0.0560299413897046 -0.0560299413897046
1501 1497 8960 122 122 0.02037486007743549 0 0 0 0 85.60988643954576 85.60988643954576 -0.056394766985387465 -0.056394766985387465
1601 1597 9560 124 124 0.018522734455705573 0 0 0 0 85.91984971822167 85.91984971822167 -0.05465788142416284 -0.05465788142416284
1701 1697 10160 127 127 0.01657868006700924 0 0 0 0 86.52681202121391 86.52681202121391 -0.05477530854562524 -0.05477530854562524
1801 1797 10760 129 129 0.015499939881428332 0 0 0 0 87.08291597106289 87.08291597106289 -0.05409010951666209 -0.05409010951666209
1901 1897 11360 135 135 0.014642720586025877 0 0 0 0 88.06325777543489 88.06325777543489 -0.054493224376052064 -0.054493224376052064
2001 1997 11960 141 141 0.014249441671751363 0 0 0 0 88.85027541311968 88.85027541311968 -0.0546272529548009 -0.0546272529548009
2101 2097 12560 145 145 0.0141365349823413 0 0 0 0 89.11301859799714 89.11301859799714 -0.05325575774867608 -0.05325575774867608
2201 2197 13160 153 153 0.014297856534635417 0 0 0 0 89.8352298588985 89.8352298588985 -0.051686939668400274 -0.051686939668400274
2301 2297 13760 159 159 0.013979670890810638 0 0 0 0 90.70352633870266 90.70352633870266 -0.05150719354927716 -0.05150719354927716
2401 2397 14360 163 163 0.013774364928129348 0 0 0 0 91.81560283687944 91.81560283687944 -0.05266106620303136 -0.05266106620303136
2501 2497 14960 165 165 0.013455531258431748 0 0 0 0 91.87104525430517 91.87104525430517 -0.050964725526898895 -0.050964725526898895
2601 2597 15560 168 168 0.013346653714425213 0 0 0 0 92.3989218328841 92.3989218328841 -0.05020875162916049 -0.05020875162916049
2701 2697 16160 174 174 0.012990691705679715 0 0 0 0 93.5446792732666 93.5446792732666 -0.05121961307541419 -0.05121961307541419
2801 2797 16760 176 176 0.012879394536748315 0 0 0 0 93.58598498391133 93.58598498391133 -0.04928125309830808 -0.04928125309830808
2901 2897 17360 179 179 0.012336574143048225 0 0 0 0 93.83776320331377 93.83776320331377 -0.047920250270845066 -0.047920250270845066
3001 2997 17960 181 181 0.011872675508898369 0 0 0 0 94.11411411411412 94.11411411411412 -0.047421657831355574 -0.047421657831355574
3101 3097 18560 182 182 0.011458498193352549 0 0 0 0 93.65902486277042 93.65902486277042 -0.044709535333813874 -0.044709535333813874
3201 3197 19160 183 183 0.011173438794233369 0 0 0 0 93.33124804504223 93.33124804504223 -0.042401365117783266 -0.042401365117783266
3301 3297 19760 183 183 0.010794667889776897 0 0 0 0 92.66787989080983 92.66787989080983 -0.039546241917983393 -0.039546241917983393
3401 3397 20360 184 184 0.01018488785312254 0 0 0 0 91.9511333529585 91.9511333529585 -0.03616012952443618 -0.03616012952443618
3501 3497 20960 186 186 0.009650921565177214 0 0 0 0 91.62253360022876 91.62253360022876 -0.03384632474511782 -0.03384632474511782
3601 3597 21560 188 188 0.009349614659336626 0 0 0 0 91.11592994161802 91.11592994161802 -0.031212917345064522 -0.031212917345064522
3701 3697 22160 190 190 0.009613407715912861 0 0 0 0 90.85637002975385 90.85637002975385 -0.029869759704637632 -0.029869759704637632
3801 3797 22760 192 192 0.00910144367175521 0 0 0 0 90.73689755069792 90.73689755069792 -0.028594721081418827 -0.028594721081418827
3901 3897 23360 193 193 0.008756008896817342 0 0 0 0 90.57839363613036 90.57839363613036 -0.027426898639954168 -0.027426898639954168
4001 3997 23960 193 193 0.008529424265323889 0 0 0 0 89.90442832124093 89.90442832124093 -0.024875203697762468 -0.024875203697762468
4101 4097 24560 195 195 0.008192561191012906 0 0 0 0 89.5172077129607 89.5172077129607 -0.022758041840813627 -0.022758041840813627
4201 4197 25160 195 195 0.007896606614312702 0 0 0 0 89.02787705503931 89.02787705503931 -0.020974179906694864 -0.020974179906694864
4301 4297 25760 196 196 0.007657538415157938 0 0 0 0 88.57156155457295 88.57156155457295 -0.0192600718980406 -0.0192600718980406
4401 4397 26360 199 199 0.007568349301042462 0 0 0 0 88.3165794860132 88.3165794860132 -0.017985985155937106 -0.017985985155937106
4501 4497 26960 202 202 0.007324373154493786 0 0 0 0 88.24016010673783 88.24016010673783 -0.01690180785046415 -0.01690180785046415
4601 4597 27560 202 202 0.0069375487867864944 0 0 0 0 87.85207744180988 87.85207744180988 -0.015330799888570036 -0.015330799888570036
4701 4697 28160 203 203 0.006570387257427362 0 0 0 0 87.671279540132 87.671279540132 -0.014215547784609654 -0.014215547784609654
4801 4797 28760 204 204 0.006365733879970936 0 0 0 0 87.38836772983115 87.38836772983115 -0.012886792007701984 -0.012886792007701984
4901 4897 29360 206 206 0.006252541406558059 0 0 0 0 87.37716969573208 87.37716969573208 -0.01241127436694934 -0.01241127436694934
5001 4997 29960 207 207 0.0059738168774836065 0 0 0 0 86.99619771863118 86.99619771863118 -0.010779170603053128 -0.010779170603053128
5101 5097 30560 209 209 0.0057728594164848 0 0 0 0 86.66980576809888 86.66980576809888 -0.009335095301275255 -0.009335095301275255
5201 5197 31160 211 211 0.005496609596060866 0 0 0 0 86.54454492976717 86.54454492976717 -0.008498010855191925 -0.008498010855191925
5301 5297 31760 211 211 0.00532074188263779 0 0 0 0 86.22465546535776 86.22465546535776 -0.007142995963421873 -0.007142995963421873
5401 5397 32360 211 211 0.00508738428571276 0 0 0 0 85.82694089308875 85.82694089308875 -0.00564229359884951 -0.00564229359884951
5501 5497 32960 213 213 0.0049212365975413105 0 0 0 0 85.72748772057486 85.72748772057486 -0.0049121158253094465 -0.0049121158253094465
5601 5597 33560 213 213 0.0048874625388431415 0 0 0 0 85.41325710201893 85.41325710201893 -0.0036204830110084635 -0.0036204830110084635
5701 5697 34160 215 215 0.00469151346265715 0 0 0 0 85.30033350886431 85.30033350886431 -0.0029184543044589164 -0.0029184543044589164
5801 5797 34760 216 216 0.00454709837190604 0 0 0 0 85.01638778678627 85.01638778678627 -0.001715455705637974 -0.001715455705637974
5901 5897 35360 216 216 0.00445848830257674 0 0 0 0 84.74682041716127 84.74682041716127 -6.3300675515725E-4 -6.3300675515725E-4
6001 5997 35960 218 218 0.0043346042001193505 0 0 0 0 84.47623811905953 84.47623811905953 3.6642012667839136E-4 3.6642012667839136E-4
6101 6097 36560 218 218 0.004162073159382794 0 0 0 0 83.87567656224373 83.87567656224373 0.0023940874523057146 0.0023940874523057146
6201 6197 37160 218 218 0.0041426713719629514 0 0 0 0 83.28191060190414 83.28191060190414 0.00418960401867942 0.00418960401867942
6301 6297 37760 220 220 0.003979366530270202 0 0 0 0 82.77783071303796 82.77783071303796 0.005913734539315743 0.005913734539315743
6401 6397 38360 220 220 0.0038372282840240554 0 0 0 0 82.20415819915586 82.20415819915586 0.007764745153015397 0.007764745153015397
6501 6497 38960 220 220 0.003724663033564696 0 0 0 0 81.66446052024011 81.66446052024011 0.009555690897877977 0.009555690897877977
6601 6597 39560 220 220 0.003602508972668967 0 0 0 0 81.10959527057753 81.10959527057753 0.011351114057825793 0.011351114057825793
6701 6697 40160 220 220 0.0035023264801803664 0 0 0 0 80.66656711960579 80.66656711960579 0.012856223357803339 0.012856223357803339
6801 6797 40760 220 220 0.0034026571258885135 0 0 0 0 80.23069001029866 80.23069001029866 0.014483298818489983 0.014483298818489983
6901 6897 41360 220 220 0.00334188775585318 0 0 0 0 79.75148615340002 79.75148615340002 0.01611838285767759 0.01611838285767759
7001 6997 41960 220 220 0.003263669779414578 0 0 0 0 79.33085608117764 79.33085608117764 0.017535804000083213 0.017535804000083213
7101 7097 42560 220 220 0.0031953620390354005 0 0 0 0 78.8651542905453 78.8651542905453 0.019329417425513556 0.019329417425513556
7201 7197 43160 220 220 0.0031219103533708147 0 0 0 0 78.43212449631791 78.43212449631791 0.020922932879361297 0.020922932879361297
7301 7297 43760 220 220 0.003034298269331611 0 0 0 0 78.03261614362067 78.03261614362067 0.02243703970503234 0.02243703970503234
7401 7397 44360 220 220 0.002966918930341447 0 0 0 0 77.6120048668379 77.6120048668379 0.023851893571381705 0.023851893571381705
7501 7497 44960 220 220 0.0028973975302491223 0 0 0 0 77.19567827130852 77.19567827130852 0.025347417539573616 0.025347417539573616
7601 7597 45560 220 220 0.002838873702384521 0 0 0 0 76.7937343688298 76.7937343688298 0.02682917954262155 0.02682917954262155
7701 7697 46160 220 220 0.0028420763683625672 0 0 0 0 76.42925815252696 76.42925815252696 0.02819878143586355 0.02819878143586355
7801 7797 46760 220 220 0.002772642408891462 0 0 0 0 76.07541362062332 76.07541362062332 0.029482681331856758 0.029482681331856758
7901 7897 47360 220 220 0.0027200984475307124 0 0 0 0 75.70368494364949 75.70368494364949 0.03076190141746116 0.03076190141746116
8001 7997 47960 220 220 0.0026478563024343684 0 0 0 0 75.3289983743904 75.3289983743904 0.032133119910040975 0.032133119910040975
8101 8097 48560 220 220 0.002582168358592505 0 0 0 0 74.98308015314313 74.98308015314313 0.033466555897514884 0.033466555897514884
8201 8197 49160 220 220 0.002536697610074957 0 0 0 0 74.62657069659632 74.62657069659632 0.03476099551221949 0.03476099551221949
8301 8297 49760 220 220 0.002446672369817243 0 0 0 0 74.32590092804628 74.32590092804628 0.035867068875831645 0.035867068875831645
8401 8397 50360 220 220 0.0023832755379868593 0 0 0 0 74.00500178635227 74.00500178635227 0.03705274223139529 0.03705274223139529
8501 8497 50960 220 220 0.0023138043767618878 0 0 0 0 73.67988701894787 73.67988701894787 0.03822797054385672 0.03822797054385672
8601 8597 51560 220 220 0.0022784299707477276 0 0 0 0 73.35675235547284 73.35675235547284 0.039362095368424777 0.039362095368424777
8701 8697 52160 220 220 0.002239277775453567 0 0 0 0 73.07324364723468 73.07324364723468 0.04040949826086918 0.04040949826086918
8801 8797 52760 220 220 0.0022539445070476876 0 0 0 0 72.78640445606457 72.78640445606457 0.04143030588306088 0.04143030588306088
8901 8897 53360 220 220 0.0022024058630711837 0 0 0 0 72.49364954479037 72.49364954479037 0.04252045204737029 0.04252045204737029
9001 8997 53960 220 220 0.002150397431641035 0 0 0 0 72.19717683672336 72.19717683672336 0.04374956328910345 0.04374956328910345
9101 9000 53984 220 220 0.0021496806324971546 0 0 0 0 72.19377777777778 72.19377777777778 0.04378213519347445 0.04378213519347445
9101 9000 53984 220 220 0.0021496806324971546 0 0 0 0 72.19377777777778 72.19377777777778 0.04378213519347445 0.04378213519347445
